=== 0x0056000E and 0x0056001B bulk state decode ===

-- 0x0056000E @ idx 6381 size=5344 (body 5340 B) --
   row-size 8: count=667 FITS exactly
   first 128 bytes:
  00000: 9b 02 00 00 0e 00 00 00 03 00 00 00 0f 00 00 00 03 00 00 00 13 00 00 00 13 00 00 00 16 00 00 00  | ................................
  00020: 13 00 00 00 19 00 00 00 13 00 00 00 1e 00 00 00 13 00 00 00 20 00 00 00 02 00 00 00 21 00 00 00  | .................... .......!...
  00040: 13 00 00 00 06 00 00 00 13 00 00 00 07 00 00 00 13 00 00 00 83 00 00 00 02 00 00 00 84 00 00 00  | ................................
  00060: 13 00 00 00 8f 00 00 00 13 00 00 00 b3 00 00 00 02 00 00 00 b4 00 00 00 13 00 00 00 b5 00 00 00  | ................................
   count=667 rows @ 8 bytes:
     [   0] u32a=14 (0x0000000E)  u32b=3 (0x00000003)
     [   1] u32a=15 (0x0000000F)  u32b=3 (0x00000003)
     [   2] u32a=19 (0x00000013)  u32b=19 (0x00000013)
     [   3] u32a=22 (0x00000016)  u32b=19 (0x00000013)
     [   4] u32a=25 (0x00000019)  u32b=19 (0x00000013)
     [   5] u32a=30 (0x0000001E)  u32b=19 (0x00000013)
     [   6] u32a=32 (0x00000020)  u32b=2 (0x00000002)
     [   7] u32a=33 (0x00000021)  u32b=19 (0x00000013)
     [   8] u32a=6 (0x00000006)  u32b=19 (0x00000013)
     [   9] u32a=7 (0x00000007)  u32b=19 (0x00000013)

-- 0x0056000E @ idx 10406 size=5344 (body 5340 B) --
   row-size 8: count=667 FITS exactly
   first 128 bytes:
  00000: 9b 02 00 00 0e 00 00 00 03 00 00 00 0f 00 00 00 03 00 00 00 13 00 00 00 13 00 00 00 16 00 00 00  | ................................
  00020: 13 00 00 00 19 00 00 00 13 00 00 00 1e 00 00 00 13 00 00 00 20 00 00 00 02 00 00 00 21 00 00 00  | .................... .......!...
  00040: 13 00 00 00 06 00 00 00 13 00 00 00 07 00 00 00 13 00 00 00 83 00 00 00 02 00 00 00 84 00 00 00  | ................................
  00060: 13 00 00 00 8f 00 00 00 13 00 00 00 b3 00 00 00 02 00 00 00 b4 00 00 00 13 00 00 00 b5 00 00 00  | ................................
   count=667 rows @ 8 bytes:
     [   0] u32a=14 (0x0000000E)  u32b=3 (0x00000003)
     [   1] u32a=15 (0x0000000F)  u32b=3 (0x00000003)
     [   2] u32a=19 (0x00000013)  u32b=19 (0x00000013)
     [   3] u32a=22 (0x00000016)  u32b=19 (0x00000013)
     [   4] u32a=25 (0x00000019)  u32b=19 (0x00000013)
     [   5] u32a=30 (0x0000001E)  u32b=19 (0x00000013)
     [   6] u32a=32 (0x00000020)  u32b=2 (0x00000002)
     [   7] u32a=33 (0x00000021)  u32b=19 (0x00000013)
     [   8] u32a=6 (0x00000006)  u32b=19 (0x00000013)
     [   9] u32a=7 (0x00000007)  u32b=19 (0x00000013)

-- 0x0056001B @ idx 6383 size=30082 (body 30078 B) --
   first u32 (likely count) = 145
   derived row-size if count at [0] = 207.407
   first 256 bytes:
  00000: 91 00 00 00 00 60 03 00 00 01 00 00 01 00 00 00 00 00 00 00 00 00 00 00 00 03 00 00 00 02 00 00  | .....`..........................
  00020: 01 00 00 00 00 00 00 00 00 00 00 00 00 03 00 00 00 04 00 00 01 00 00 00 00 00 00 00 00 00 00 00  | ................................
  00040: 00 03 00 00 00 06 00 00 01 00 00 00 00 00 00 00 00 00 00 00 00 03 00 00 00 08 00 00 01 00 00 00  | ................................
  00060: 00 00 00 00 00 00 00 00 00 03 00 00 00 0a 00 00 01 00 00 00 00 00 00 00 00 00 00 00 00 03 00 00  | ................................
  00080: 00 0c 00 00 01 00 00 00 00 00 00 00 00 00 00 00 00 03 00 00 00 0e 00 00 01 00 00 00 00 00 00 00  | ................................
  000a0: 00 00 00 00 00 03 00 00 00 10 00 00 01 00 00 00 00 00 00 00 00 00 00 00 00 03 00 00 00 14 00 00  | ................................
  000c0: 01 00 00 00 00 00 00 00 00 00 00 00 00 03 00 00 00 16 00 00 01 00 00 00 00 00 00 00 00 00 00 00  | ................................
  000e0: 00 03 00 00 00 18 00 00 01 00 00 00 00 00 00 00 00 00 00 00 00 03 00 00 00 1a 00 00 01 00 00 00  | ................................
   last 64 bytes:
  00000: 00 00 00 00 00 00 00 00 00 00 00 00 00 00 00 00 00 00 00 00 00 00 00 00 00 00 00 00 00 00 00 00  | ................................
  00020: 00 00 00 00 00 00 00 00 00 40 00 00 00 00 00 00 00 00 00 00 00 00 00 00 00 00 00 00 00 00 00 00  | .........@......................

-- 0x0056001B @ idx 10436 size=30082 (body 30078 B) --
   first u32 (likely count) = 145
   derived row-size if count at [0] = 207.407
   first 256 bytes:
  00000: 91 00 00 00 00 60 03 00 00 01 00 00 01 00 00 00 00 00 00 00 00 00 00 00 00 03 00 00 00 02 00 00  | .....`..........................
  00020: 01 00 00 00 00 00 00 00 00 00 00 00 00 03 00 00 00 04 00 00 01 00 00 00 00 00 00 00 00 00 00 00  | ................................
  00040: 00 03 00 00 00 06 00 00 01 00 00 00 00 00 00 00 00 00 00 00 00 03 00 00 00 08 00 00 01 00 00 00  | ................................
  00060: 00 00 00 00 00 00 00 00 00 03 00 00 00 0a 00 00 01 00 00 00 00 00 00 00 00 00 00 00 00 03 00 00  | ................................
  00080: 00 0c 00 00 01 00 00 00 00 00 00 00 00 00 00 00 00 03 00 00 00 0e 00 00 01 00 00 00 00 00 00 00  | ................................
  000a0: 00 00 00 00 00 03 00 00 00 10 00 00 01 00 00 00 00 00 00 00 00 00 00 00 00 03 00 00 00 14 00 00  | ................................
  000c0: 01 00 00 00 00 00 00 00 00 00 00 00 00 03 00 00 00 16 00 00 01 00 00 00 00 00 00 00 00 00 00 00  | ................................
  000e0: 00 03 00 00 00 18 00 00 01 00 00 00 00 00 00 00 00 00 00 00 00 03 00 00 00 1a 00 00 01 00 00 00  | ................................
   last 64 bytes:
  00000: 00 00 00 00 00 00 00 00 00 00 00 00 00 00 00 00 00 00 00 00 00 00 00 00 00 00 00 00 00 00 00 00  | ................................
  00020: 00 00 00 00 00 00 00 00 00 40 00 00 00 00 00 00 00 00 00 00 00 00 00 00 00 00 00 00 00 00 00 00  | .........@......................

